-3.14159	0	1.110223e-14		7.4285959e-16		2.4682663e-16
-3.10159	0.27995286	0.043211608		0.27995753		0.043212328
-3.06159	0.55945786	0.086354086		0.55946719		0.086355525
-3.02159	0.83806785	0.12935842		0.83808182		0.12936057
-2.98159	1.1153371	0.1721558		1.1153557		0.17215867
-2.94159	1.3908221	0.21467777		1.3908452		0.21468135
-2.90159	1.664082	0.25685631		1.6641097		0.25686059
-2.86159	1.9346798	0.29862392		1.934712		0.2986289
-2.82159	2.2021824	0.33991381		2.2022191		0.33991947
-2.78159	2.4661621	0.3806599		2.4662032		0.38066624
-2.74159	2.7261964	0.42079702		2.7262419		0.42080403
-2.70159	2.9818694	0.46026095		2.9819191		0.46026862
-2.66159	3.2327721	0.49898857		3.232826		0.49899688
-2.62159	3.478503	0.53691791		3.4785609		0.53692686
-2.58159	3.718669	0.57398829		3.718731		0.57399786
-2.54159	3.952886	0.61014042		3.9529518		0.61015059
-2.50159	4.1807791	0.64531645		4.1808488		0.6453272
-2.46159	4.401984	0.67946011		4.4020573		0.67947144
-2.42159	4.6161466	0.71251678		4.6162235		0.71252866
-2.38159	4.8229243	0.74443358		4.8230047		0.74444599
-2.34159	5.0219864	0.77515944		5.0220701		0.77517236
-2.30159	5.2130144	0.80464521		5.2131013		0.80465863
-2.26159	5.3957027	0.83284373		5.3957926		0.83285761
-2.22159	5.569759	0.85970987		5.5698518		0.85972419
-2.18159	5.7349048	0.88520065		5.7350004		0.88521541
-2.14159	5.8908761	0.90927531		5.8909743		0.90929046
-2.10159	6.0374232	0.93189531		6.0375238		0.93191085
-2.06159	6.1743117	0.95302449		6.1744146		0.95304037
-2.02159	6.3013226	0.97262903		6.3014277		0.97264524
-1.98159	6.4182528	0.99067757		6.4183598		0.99069408
-1.94159	6.5249151	1.0071412		6.5250239		1.007158
-1.90159	6.621139	1.0219937		6.6212493		1.0220107
-1.86159	6.7067704	1.0352112		6.7068822		1.0352284
-1.82159	6.7816725	1.0467725		6.7817855		1.04679
-1.78159	6.8457253	1.0566593		6.8458394		1.0566769
-1.74159	6.8988264	1.0648556		6.8989414		1.0648734
-1.70159	6.9408909	1.0713484		6.9410065		1.0713663
-1.66159	6.9718514	1.0761273		6.9719676		1.0761452
-1.62159	6.9916584	1.0791845		6.991775		1.0792025
-1.58159	7.0002803	1.0805153		7.000397		1.0805334
-1.54159	6.9977032	1.0801176		6.9978199		1.0801356
-1.50159	6.9839313	1.0779918		6.9840477		1.0780098
-1.46159	6.9589866	1.0741415		6.9591026		1.0741594
-1.42159	6.922909	1.0685728		6.9230244		1.0685907
-1.38159	6.8757562	1.0612947		6.8758708		1.0613124
-1.34159	6.8176037	1.0523186		6.8177173		1.0523362
-1.30159	6.7485445	1.0416591		6.748657		1.0416765
-1.26159	6.668689	1.0293332		6.6688002		1.0293503
-1.22159	6.5781651	1.0153605		6.5782747		1.0153775
-1.18159	6.4771175	0.99976351		6.4772254		0.99978018
-1.14159	6.3657079	0.98256709		6.365814		0.98258347
-1.10159	6.2441145	0.96379877		6.2442185		0.96381483
-1.06159	6.1125318	0.94348857		6.1126337		0.9435043
-1.02159	5.9711705	0.921669		5.97127		0.92168436
-0.981593	5.8202565	0.89837495		5.8203535		0.89838992
-0.941593	5.6600313	0.87364369		5.6601257		0.87365825
-0.901593	5.4907513	0.84751479		5.4908428		0.84752891
-0.861593	5.3126873	0.82003004		5.3127758		0.82004371
-0.821593	5.1261241	0.79123343		5.1262095		0.79124661
-0.781593	4.9313602	0.761171		4.9314424		0.76118369
-0.741593	4.7287072	0.72989087		4.728786		0.72990304
-0.701593	4.5184892	0.69744307		4.5185646		0.69745469
-0.661593	4.3010427	0.66387951		4.3011144		0.66389057
-0.621593	4.0767154	0.62925388		4.0767833		0.62926436
-0.581593	3.8458662	0.59362158		3.8459303		0.59363147
-0.541593	3.6088644	0.55703961		3.6089246		0.55704889
-0.501593	3.3660893	0.5195665		3.3661454		0.51957516
-0.461593	3.1179291	0.48126219		3.117981		0.48127021
-0.421593	2.8647809	0.44218796		2.8648286		0.44219533
-0.381593	2.6070496	0.40240633		2.6070931		0.40241304
-0.341593	2.3451476	0.36198093		2.3451867		0.36198697
-0.301593	2.0794939	0.32097645		2.0795286		0.3209818
-0.261593	1.8105135	0.27945846		1.8105436		0.27946312
-0.221593	1.5386366	0.23749341		1.5386622		0.23749737
-0.181593	1.2642982	0.19514841		1.2643193		0.19515166
-0.141593	0.98793719	0.15249122		0.98795366		0.15249376
-0.101593	0.70999571	0.10959008		0.71000754		0.1095919
-0.0615927	0.43091839	0.066513613		0.43092557		0.066514721
-0.0215927	0.15115169	0.02333074		0.15115421		0.023331129
0.0184073	0.12885682	0.019889456		0.12885897		0.019889788
0.0584073	0.40865918	0.063077834		0.40866599		0.063078885
0.0984073	0.68780778	0.1061653		0.68781924		0.10616707
0.138407	0.96585603	0.14908293		0.96587213		0.14908541
0.178407	1.2423591	0.19176205		1.2423798		0.19176525
0.218407	1.5168747	0.2341344		1.5169		0.2341383
0.258407	1.7889636	0.27613218		1.7889934		0.27613678
0.298407	2.0581905	0.3176882		2.0582249		0.3176935
0.338407	2.3241248	0.358736		2.3241636		0.35874198
0.378407	2.586341	0.39920989		2.5863841		0.39921655
0.418407	2.8444196	0.43904513		2.844467		0.43905245
0.458407	3.0979477	0.478178		3.0979993		0.47818597
0.498407	3.3465198	0.51654588		3.3465755		0.51655449
0.538407	3.5897381	0.5540874		3.5897979		0.55409663
0.578407	3.8272136	0.5907425		3.8272774		0.59075234
0.618407	4.0585664	0.62645253		4.0586341		0.62646297
0.658407	4.2834264	0.66116037		4.2834978		0.66117139
0.698407	4.5014338	0.6948105		4.5015088		0.69482208
0.738407	4.7122398	0.72734908		4.7123184		0.72736121
0.778407	4.9155073	0.75872406		4.9155892		0.75873671
0.818407	5.110911	0.78888524		5.1109962		0.78889839
0.858407	5.2981384	0.81778437		5.2982267		0.817798
0.898407	5.4768898	0.84537522		5.4769811		0.84538931
0.938407	5.6468794	0.87161365		5.6469736		0.87162818
0.978407	5.8078352	0.89645769		5.807932		0.89647263
1.01841	5.9594997	0.91986758		5.9595991		0.91988292
1.05841	6.1016303	0.94180589		6.101732		0.94182158
1.09841	6.2339996	0.9622375		6.2341035		0.96225354
1.13841	6.3563958	0.98112974		6.3565017		0.98114609
1.17841	6.4686231	0.99845238		6.4687309		0.99846902
1.21841	6.570502	1.0141777		6.5706115		1.0141946
1.25841	6.6618695	1.0282806		6.6619805		1.0282977
1.29841	6.7425794	1.0407384		6.7426918		1.0407558
1.33841	6.8125027	1.0515313		6.8126162		1.0515488
1.37841	6.8715274	1.0606419		6.8716419		1.0606596
1.41841	6.9195591	1.0680558		6.9196744		1.0680736
1.45841	6.956521	1.073761		6.9566369		1.0737789
1.49841	6.9823539	1.0777484		6.9824703		1.0777663
1.53841	6.9970166	1.0800116		6.9971332		1.0800296
1.57841	7.0004855	1.080547		7.0006022		1.080565
1.61841	6.9927552	1.0793538		6.9928717		1.0793718
1.65841	6.9738379	1.0764339		6.9739542		1.0764518
1.69841	6.943764	1.0717919		6.9438797		1.0718097
1.73841	6.9025815	1.0654352		6.9026966		1.065453
1.77841	6.8503564	1.0573741		6.8504706		1.0573917
1.81841	6.7871722	1.0476214		6.7872853		1.0476389
1.85841	6.71313	1.0361928		6.7132418		1.0362101
1.89841	6.6283481	1.0231064		6.6284586		1.0231235
1.93841	6.5329624	1.0083833		6.5330712		1.0084002
1.97841	6.4271252	0.99204705		6.4272324		0.99206359
2.01841	6.3110061	0.9741237		6.3111113		0.97413993
2.05841	6.1847907	0.95464195		6.1848938		0.95465786
2.09841	6.0486809	0.93363298		6.0487817		0.93364854
2.13841	5.9028946	0.9111304		5.9029929		0.91114558
2.17841	5.7476648	0.8871702		5.7477606		0.88718499
2.21841	5.5832401	0.86179072		5.5833331		0.86180508
2.25841	5.4098833	0.83503255		5.4099735		0.83504647
2.29841	5.2278719	0.80693852		5.227959		0.80695197
2.33841	5.037497	0.77755355		5.037581		0.77756651
2.37841	4.8390632	0.74692467		4.8391438		0.74693712
2.41841	4.6328879	0.71510086		4.6329651		0.71511278
2.45841	4.419301	0.68213305		4.4193746		0.68214441
2.49841	4.1986441	0.64807396		4.1987141		0.64808476
2.53841	3.9712703	0.6129781		3.9713365		0.61298832
2.57841	3.7375433	0.5769016		3.7376056		0.57691122
2.61841	3.4978371	0.53990219		3.4978954		0.53991119
2.65841	3.252535	0.50203904		3.2525893		0.50204741
2.69841	3.0020296	0.46337274		3.0020797		0.46338047
2.73841	2.7467216	0.42396515		2.7467674		0.42397221
2.77841	2.4870194	0.3838793		2.4870609		0.38388569
2.81841	2.2233386	0.34317932		2.2233756		0.34318504
2.85841	1.9561008	0.30193033		1.9561334		0.30193536
2.89841	1.6857337	0.26019832		1.6857618		0.26020265
2.93841	1.4126698	0.21805004		1.4126934		0.21805368
2.97841	1.1373459	0.17555293		1.1373649		0.17555586
3.01841	0.86020254	0.13277498		0.86021688		0.13277719
3.05841	0.58168301	0.089784608		0.58169271		0.089786104
3.09841	0.30223291	0.046650603		0.30223795		0.046651381
3.13841	0.022299305	0.0034419681		0.022299677		0.0034420254
