-0.5	103	0.686667
-0.485	82	0.546667
-0.47	94	0.626667
-0.455	83	0.553333
-0.44	91	0.606667
-0.425	75	0.5
-0.41	63	0.42
-0.395	82	0.546667
-0.38	89	0.593333
-0.365	69	0.46
-0.35	82	0.546667
-0.335	79	0.526667
-0.32	61	0.406667
-0.305	70	0.466667
-0.29	67	0.446667
-0.275	72	0.48
-0.26	66	0.44
-0.245	81	0.54
-0.23	73	0.486667
-0.215	79	0.526667
-0.2	61	0.406667
-0.185	80	0.533333
-0.17	57	0.38
-0.155	53	0.353333
-0.14	66	0.44
-0.125	57	0.38
-0.11	64	0.426667
-0.095	55	0.366667
-0.08	66	0.44
-0.065	57	0.38
-0.05	54	0.36
-0.035	53	0.353333
-0.02	69	0.46
-0.005	71	0.473333
0.01	62	0.413333
0.025	60	0.4
0.04	56	0.373333
0.055	52	0.346667
0.07	69	0.46
0.085	67	0.446667
0.1	48	0.32
0.115	51	0.34
0.13	60	0.4
0.145	67	0.446667
0.16	65	0.433333
0.175	62	0.413333
0.19	50	0.333333
0.205	53	0.353333
0.22	58	0.386667
0.235	70	0.466667
0.25	50	0.333333
0.265	56	0.373333
0.28	44	0.293333
0.295	48	0.32
0.31	68	0.453333
0.325	54	0.36
0.34	44	0.293333
0.355	47	0.313333
0.37	40	0.266667
0.385	62	0.413333
0.4	37	0.246667
0.415	46	0.306667
0.43	50	0.333333
0.445	55	0.366667
0.46	59	0.393333
0.475	59	0.393333
0.49	49	0.326667
0.505	7	0.0466667
0.52	0	0
0.535	0	0
0.55	0	0
0.565	0	0
0.58	0	0
0.595	0	0
0.61	0	0
0.625	0	0
0.64	0	0
0.655	0	0
0.67	0	0
0.685	0	0
0.7	0	0
0.715	0	0
0.73	0	0
0.745	0	0
0.76	0	0
0.775	0	0
0.79	0	0
0.805	0	0
0.82	0	0
0.835	0	0
0.85	0	0
0.865	0	0
0.88	0	0
0.895	0	0
0.91	0	0
0.925	0	0
0.94	0	0
0.955	0	0
0.97	0	0
0.985	0	0
